error1 = 1.1148770763633529 
error2 = 0.9836202985220938 
error3 = 0.9831359387837408 
error4 = 1.0841374654158233 
 original hypo error5 = 0.9829469215000003
